4294967278,18
4294967278,17
4294967278,16
4294967278,15
4294967278,14
4294967278,13
4294967278,12
4294967278,11
4294967278,10
4294967278,9
4294967278,8
4294967278,7
4294967278,6
4294967278,5
4294967278,4
4294967279,132
4294967294,104
4294967279,551
4294967279,185
4294967279,182
4294967278,180
4294967279,180
4294967279,179
4294967278,178
4294967278,63
4294967278,62
4294967278,61
4294967278,58
4294967278,56
4294967278,55
4294967278,54
4294967278,53
4294967278,52
4294967278,51
4294967278,50
4294967278,49
4294967278,47
4294967278,44
4294967278,42
4294967278,41
4294967278,40
4294967278,39
4294967278,38
4294967278,37
4294967278,36
4294967278,35
4294967278,328
4294967278,34
4294967278,33
4294967278,32
4294967278,31
4294967278,325
4294967278,30
4294967278,291
4294967278,29
4294967278,28
4294967278,323
4294967278,27
4294967278,26
4294967278,25
4294967278,24
4294967278,23
4294967278,22
4294967278,21
4294967278,20
4294967278,19
4294967279,306
4294967279,90
4294967279,89
4294967279,85
4294967279,84
4294967279,83
4294967279,82
4294967279,81
4294967279,80
4294967279,78
4294967279,76
4294967279,75
4294967279,73
4294967279,72
4294967279,70
4294967278,372
4294967279,177
4294967294,106
4294967278,176
4294967279,175
4294967279,296
4294967278,60
4294967278,302
4294967278,59
4294967278,171
4294967278,334
4294967279,575
4294967278,170
4294967279,170
4294967278,57
4294967278,169
4294967278,352
4294967279,169
4294967279,574
4294967278,168
4294967279,168
4294967279,167
4294967278,166
4294967279,164
120,5
4294967278,165
120,4
120,3
120,2
120,1
4294967279,530
4294967278,164
4294967278,48
4294967279,163
4294967278,162
4294967278,161
4294967278,367
4294967279,161
4294967278,160
4294967279,160
4294967279,545
4294967278,46
4294967278,298
4294967278,45
4294967278,157
4294967278,297
4294967278,156
4294967279,155
4294967278,43
4294967278,155
4294967278,365
4294967279,523
4294967278,154
4294967279,153
4294967279,152
4294967279,149
4294967279,151
118,5
118,4
4294967279,150
118,3
118,2
118,1
4294967279,148
4294967279,147
4294967279,146
4294967279,145
4294967279,144
4294967279,143
4294967279,287
4294967279,139
4294967279,138
4294967279,520
4294967279,272
4294967279,136
4294967279,133
4294967279,135
116,5
116,4
4294967279,134
116,3
116,2
116,1
4294967279,284
4294967279,271
4294967279,270
4294967279,283
4294967294,436
4294967294,204
4294967294,198
4294967279,279
4294967279,324
4294967279,328
4294967279,518
4294967279,264
4294967279,263
4294967279,327
4294967279,262
4294967279,261
4294967279,257
4294967279,275
114,5
114,4
4294967279,258
114,3
114,2
114,1
4294967279,514
4294967279,256
4294967279,255
4294967279,254
4294967279,253
4294967278,318
4294967278,317
4294967278,389
4294967278,316
4294967294,38
4294967294,37
4294967278,344
4294967278,362
4294967279,332
4294967279,540
4294967279,0
4294967278,361
4294967278,314
112,5
4294967278,254
112,4
112,3
112,2
112,1
4294967278,313
4294967294,40
4294967278,250
4294967278,248
4294967278,247
4294967278,246
4294967294,115
4294967294,1417
4294967278,240
4294967278,243
4294967278,241
110,6
4294967294,471
4294967278,238
4294967278,239
4294967278,237
110,5
4294967278,234
110,4
4294967278,232
110,3
110,2
110,1
4294967278,231
4294967278,230
4294967294,1415
4294967278,224
4294967278,227
4294967278,225
109,5
4294967278,222
4294967278,220
109,4
109,3
109,2
109,1
4294967278,218
4294967278,216
4294967278,214
4294967278,215
4294967278,213
108,5
4294967278,211
108,4
4294967278,210
108,3
108,2
108,1
4294967278,358
4294967278,209
4294967278,357
4294967278,205
4294967278,312
4294967278,378
107,5
4294967278,204
4294967278,203
107,4
4294967279,203
107,3
107,2
107,1
4294967278,202
4294967279,69
4294967279,534
4294967279,68
4294967279,550
4294967279,309
4294967279,66
4294967279,549
4294967279,533
4294967279,62
4294967279,61
4294967279,60
4294967279,59
4294967279,58
4294967279,57
4294967279,56
4294967279,54
4294967279,53
4294967279,52
4294967279,50
4294967279,49
4294967279,48
4294967279,46
4294967279,45
4294967279,44
4294967279,43
4294967279,39
4294967279,38
4294967279,37
4294967279,35
4294967279,33
4294967279,32
4294967279,31
4294967279,30
4294967279,29
4294967279,27
4294967279,26
4294967279,24
4294967279,23
4294967279,22
4294967279,21
4294967279,19
4294967279,18
4294967279,17
4294967279,16
4294967279,14
4294967279,12
4294967279,10
4294967278,310
4294967279,305
4294967294,89
4294967294,1413
4294967294,161
4294967294,419
4294967294,179
4294967294,1044
4294967294,397
4294967294,408
